{
 "cells": [
  {
   "cell_type": "code",
   "execution_count": 1,
   "metadata": {},
   "outputs": [],
   "source": [
    "import pandas as pd\n",
    "import numpy as np\n",
    "import matplotlib.pyplot as plt"
   ]
  },
  {
   "cell_type": "code",
   "execution_count": 5,
   "metadata": {},
   "outputs": [],
   "source": [
    "data = pd.read_stata('C:\\\\Users\\\\bayle\\\\Documents\\\\HW4.dta')"
   ]
  },
  {
   "cell_type": "code",
   "execution_count": 6,
   "metadata": {},
   "outputs": [],
   "source": [
    "variables_list = data.columns.tolist()"
   ]
  },
  {
   "cell_type": "code",
   "execution_count": 7,
   "metadata": {},
   "outputs": [
    {
     "name": "stdout",
     "output_type": "stream",
     "text": [
      "['person_ID', 'year', 'log_wage']\n"
     ]
    }
   ],
   "source": [
    "print(variables_list)"
   ]
  },
  {
   "cell_type": "code",
   "execution_count": 8,
   "metadata": {},
   "outputs": [],
   "source": [
    "variance_by_year = data.groupby('year')['log_wage'].var()"
   ]
  },
  {
   "cell_type": "code",
   "execution_count": 9,
   "metadata": {},
   "outputs": [],
   "source": [
    "covariance_across_years = data.pivot_table(index='person_ID', columns='year', values='log_wage').cov()"
   ]
  },
  {
   "cell_type": "code",
   "execution_count": 10,
   "metadata": {},
   "outputs": [
    {
     "name": "stdout",
     "output_type": "stream",
     "text": [
      "Variance of log_wage for each year:\n",
      "year\n",
      "1974    0.380233\n",
      "1975    0.411051\n",
      "1976    0.466307\n",
      "1977    0.546291\n",
      "1978    0.579644\n",
      "1979    0.502633\n",
      "1980    0.509568\n",
      "1981    0.542037\n",
      "1982    0.629157\n",
      "1983    0.701652\n",
      "1984    0.746109\n",
      "1985    0.689862\n",
      "1986    0.681614\n",
      "1987    0.684493\n",
      "1988    0.511565\n",
      "1989    0.644831\n",
      "1990    0.625018\n",
      "1991    0.587163\n",
      "1992    0.704044\n",
      "Name: log_wage, dtype: float32\n",
      "\n",
      "Covariance between log_wage across all years:\n",
      "year      1974      1975      1976      1977      1978      1979      1980  \\\n",
      "year                                                                         \n",
      "1974  0.380232  0.266168  0.223703  0.232121  0.247309  0.219021  0.192690   \n",
      "1975  0.266168  0.411052  0.269560  0.253488  0.267063  0.234334  0.205848   \n",
      "1976  0.223703  0.269560  0.466307  0.298764  0.262443  0.218654  0.206554   \n",
      "1977  0.232121  0.253488  0.298764  0.546291  0.306649  0.255678  0.238145   \n",
      "1978  0.247309  0.267063  0.262443  0.306649  0.579645  0.314938  0.268837   \n",
      "1979  0.219021  0.234334  0.218654  0.255678  0.314938  0.502633  0.304382   \n",
      "1980  0.192690  0.205848  0.206554  0.238145  0.268837  0.304382  0.509569   \n",
      "1981  0.172943  0.190847  0.179327  0.254721  0.264958  0.266425  0.342281   \n",
      "1982  0.174611  0.198061  0.199280  0.228993  0.234453  0.261171  0.302340   \n",
      "1983  0.186813  0.187549  0.209063  0.215633  0.233428  0.252946  0.297831   \n",
      "1984  0.171124  0.181489  0.195643  0.236753  0.244582  0.260685  0.303705   \n",
      "1985  0.169817  0.159429  0.185495  0.205950  0.213733  0.229166  0.259129   \n",
      "1986  0.186373  0.175009  0.181148  0.230313  0.201749  0.218492  0.251555   \n",
      "1987  0.150952  0.169591  0.182515  0.207437  0.210650  0.196992  0.224739   \n",
      "1988  0.141803  0.154137  0.157680  0.188814  0.173736  0.186591  0.221790   \n",
      "1989  0.177476  0.191548  0.162372  0.206426  0.174617  0.201091  0.222968   \n",
      "1990  0.144341  0.177200  0.176461  0.198869  0.163338  0.176052  0.194946   \n",
      "1991  0.129477  0.153252  0.183787  0.219495  0.143215  0.165536  0.182388   \n",
      "1992  0.109535  0.147261  0.153181  0.166731  0.140366  0.164548  0.200839   \n",
      "\n",
      "year      1981      1982      1983      1984      1985      1986      1987  \\\n",
      "year                                                                         \n",
      "1974  0.172943  0.174611  0.186813  0.171124  0.169817  0.186373  0.150952   \n",
      "1975  0.190847  0.198061  0.187549  0.181489  0.159429  0.175009  0.169591   \n",
      "1976  0.179327  0.199280  0.209063  0.195643  0.185495  0.181148  0.182515   \n",
      "1977  0.254721  0.228993  0.215633  0.236753  0.205950  0.230313  0.207437   \n",
      "1978  0.264958  0.234453  0.233428  0.244582  0.213733  0.201749  0.210650   \n",
      "1979  0.266425  0.261171  0.252946  0.260685  0.229166  0.218492  0.196992   \n",
      "1980  0.342281  0.302340  0.297831  0.303705  0.259129  0.251555  0.224739   \n",
      "1981  0.542037  0.350024  0.310555  0.303280  0.266673  0.255760  0.252414   \n",
      "1982  0.350024  0.629157  0.348557  0.348459  0.345709  0.325680  0.278233   \n",
      "1983  0.310555  0.348557  0.701649  0.423167  0.401102  0.390195  0.360385   \n",
      "1984  0.303280  0.348459  0.423167  0.746107  0.443361  0.407637  0.350220   \n",
      "1985  0.266673  0.345709  0.401102  0.443361  0.689860  0.446360  0.379651   \n",
      "1986  0.255760  0.325680  0.390195  0.407637  0.446360  0.681613  0.420080   \n",
      "1987  0.252414  0.278233  0.360385  0.350220  0.379651  0.420080  0.684493   \n",
      "1988  0.247930  0.278888  0.326801  0.338189  0.340567  0.384888  0.391887   \n",
      "1989  0.234822  0.255396  0.294632  0.320238  0.351953  0.354968  0.381379   \n",
      "1990  0.210068  0.245366  0.311031  0.286285  0.312728  0.349163  0.341647   \n",
      "1991  0.193489  0.252007  0.275667  0.280938  0.313358  0.313051  0.318024   \n",
      "1992  0.201162  0.219352  0.267655  0.270830  0.281033  0.286647  0.277021   \n",
      "\n",
      "year      1988      1989      1990      1991      1992  \n",
      "year                                                    \n",
      "1974  0.141803  0.177476  0.144341  0.129477  0.109535  \n",
      "1975  0.154137  0.191548  0.177200  0.153252  0.147261  \n",
      "1976  0.157680  0.162372  0.176461  0.183787  0.153181  \n",
      "1977  0.188814  0.206426  0.198869  0.219495  0.166731  \n",
      "1978  0.173736  0.174617  0.163338  0.143215  0.140366  \n",
      "1979  0.186591  0.201091  0.176052  0.165536  0.164548  \n",
      "1980  0.221790  0.222968  0.194946  0.182388  0.200839  \n",
      "1981  0.247930  0.234822  0.210068  0.193489  0.201162  \n",
      "1982  0.278888  0.255396  0.245366  0.252007  0.219352  \n",
      "1983  0.326801  0.294632  0.311031  0.275667  0.267655  \n",
      "1984  0.338189  0.320238  0.286285  0.280938  0.270830  \n",
      "1985  0.340567  0.351953  0.312728  0.313358  0.281033  \n",
      "1986  0.384888  0.354968  0.349163  0.313051  0.286647  \n",
      "1987  0.391887  0.381379  0.341647  0.318024  0.277021  \n",
      "1988  0.511565  0.385221  0.363491  0.315865  0.277453  \n",
      "1989  0.385221  0.644830  0.403763  0.379751  0.352977  \n",
      "1990  0.363491  0.403763  0.625018  0.380294  0.357061  \n",
      "1991  0.315865  0.379751  0.380294  0.587163  0.419311  \n",
      "1992  0.277453  0.352977  0.357061  0.419311  0.704044  \n"
     ]
    }
   ],
   "source": [
    "print(\"Variance of log_wage for each year:\")\n",
    "print(variance_by_year)\n",
    "print(\"\\nCovariance between log_wage across all years:\")\n",
    "print(covariance_across_years)"
   ]
  }
 ],
 "metadata": {
  "kernelspec": {
   "display_name": "pandas",
   "language": "python",
   "name": "python3"
  },
  "language_info": {
   "codemirror_mode": {
    "name": "ipython",
    "version": 3
   },
   "file_extension": ".py",
   "mimetype": "text/x-python",
   "name": "python",
   "nbconvert_exporter": "python",
   "pygments_lexer": "ipython3",
   "version": "3.12.2"
  }
 },
 "nbformat": 4,
 "nbformat_minor": 2
}
