{
 "cells": [
  {
   "cell_type": "code",
   "execution_count": 1,
   "metadata": {},
   "outputs": [],
   "source": [
    "import pandas as pd\n",
    "import numpy as np\n",
    "import matplotlib.pyplot as plt"
   ]
  },
  {
   "cell_type": "code",
   "execution_count": 22,
   "metadata": {},
   "outputs": [
    {
     "data": {
      "text/html": [
       "<div>\n",
       "<style scoped>\n",
       "    .dataframe tbody tr th:only-of-type {\n",
       "        vertical-align: middle;\n",
       "    }\n",
       "\n",
       "    .dataframe tbody tr th {\n",
       "        vertical-align: top;\n",
       "    }\n",
       "\n",
       "    .dataframe thead th {\n",
       "        text-align: right;\n",
       "    }\n",
       "</style>\n",
       "<table border=\"1\" class=\"dataframe\">\n",
       "  <thead>\n",
       "    <tr style=\"text-align: right;\">\n",
       "      <th></th>\n",
       "      <th>person_ID</th>\n",
       "      <th>year</th>\n",
       "      <th>log_wage</th>\n",
       "    </tr>\n",
       "  </thead>\n",
       "  <tbody>\n",
       "    <tr>\n",
       "      <th>0</th>\n",
       "      <td>4.0</td>\n",
       "      <td>1982</td>\n",
       "      <td>9.615806</td>\n",
       "    </tr>\n",
       "    <tr>\n",
       "      <th>1</th>\n",
       "      <td>5.0</td>\n",
       "      <td>1974</td>\n",
       "      <td>9.479604</td>\n",
       "    </tr>\n",
       "    <tr>\n",
       "      <th>2</th>\n",
       "      <td>5.0</td>\n",
       "      <td>1975</td>\n",
       "      <td>9.384294</td>\n",
       "    </tr>\n",
       "    <tr>\n",
       "      <th>3</th>\n",
       "      <td>5.0</td>\n",
       "      <td>1976</td>\n",
       "      <td>7.228388</td>\n",
       "    </tr>\n",
       "    <tr>\n",
       "      <th>4</th>\n",
       "      <td>5.0</td>\n",
       "      <td>1977</td>\n",
       "      <td>9.428673</td>\n",
       "    </tr>\n",
       "    <tr>\n",
       "      <th>...</th>\n",
       "      <td>...</td>\n",
       "      <td>...</td>\n",
       "      <td>...</td>\n",
       "    </tr>\n",
       "    <tr>\n",
       "      <th>33774</th>\n",
       "      <td>35355.0</td>\n",
       "      <td>1975</td>\n",
       "      <td>9.026418</td>\n",
       "    </tr>\n",
       "    <tr>\n",
       "      <th>33775</th>\n",
       "      <td>35355.0</td>\n",
       "      <td>1976</td>\n",
       "      <td>8.780787</td>\n",
       "    </tr>\n",
       "    <tr>\n",
       "      <th>33776</th>\n",
       "      <td>35355.0</td>\n",
       "      <td>1977</td>\n",
       "      <td>9.086702</td>\n",
       "    </tr>\n",
       "    <tr>\n",
       "      <th>33777</th>\n",
       "      <td>35356.0</td>\n",
       "      <td>1975</td>\n",
       "      <td>8.348064</td>\n",
       "    </tr>\n",
       "    <tr>\n",
       "      <th>33778</th>\n",
       "      <td>35356.0</td>\n",
       "      <td>1976</td>\n",
       "      <td>7.288244</td>\n",
       "    </tr>\n",
       "  </tbody>\n",
       "</table>\n",
       "<p>33779 rows × 3 columns</p>\n",
       "</div>"
      ],
      "text/plain": [
       "       person_ID  year  log_wage\n",
       "0            4.0  1982  9.615806\n",
       "1            5.0  1974  9.479604\n",
       "2            5.0  1975  9.384294\n",
       "3            5.0  1976  7.228388\n",
       "4            5.0  1977  9.428673\n",
       "...          ...   ...       ...\n",
       "33774    35355.0  1975  9.026418\n",
       "33775    35355.0  1976  8.780787\n",
       "33776    35355.0  1977  9.086702\n",
       "33777    35356.0  1975  8.348064\n",
       "33778    35356.0  1976  7.288244\n",
       "\n",
       "[33779 rows x 3 columns]"
      ]
     },
     "metadata": {},
     "output_type": "display_data"
    }
   ],
   "source": [
    "data = pd.read_stata('C:\\\\Users\\\\bayle\\\\Documents\\\\HW4.dta')\n",
    "display(data)"
   ]
  },
  {
   "cell_type": "code",
   "execution_count": 4,
   "metadata": {},
   "outputs": [],
   "source": [
    "variables_list = data.columns.tolist()"
   ]
  },
  {
   "cell_type": "code",
   "execution_count": 5,
   "metadata": {},
   "outputs": [
    {
     "name": "stdout",
     "output_type": "stream",
     "text": [
      "['person_ID', 'year', 'log_wage']\n"
     ]
    }
   ],
   "source": [
    "print(variables_list)"
   ]
  },
  {
   "cell_type": "code",
   "execution_count": 27,
   "metadata": {},
   "outputs": [],
   "source": [
    "variance_by_year = data.groupby('year')['log_wage'].var()"
   ]
  },
  {
   "cell_type": "code",
   "execution_count": 28,
   "metadata": {},
   "outputs": [],
   "source": [
    "covariance_across_years = data.pivot_table(index='person_ID', columns='year', values='log_wage').cov()"
   ]
  },
  {
   "cell_type": "code",
   "execution_count": 12,
   "metadata": {},
   "outputs": [
    {
     "name": "stdout",
     "output_type": "stream",
     "text": [
      "Variance of log_wage for each year:\n",
      "year\n",
      "1974    0.380233\n",
      "1975    0.411051\n",
      "1976    0.466307\n",
      "1977    0.546291\n",
      "1978    0.579644\n",
      "1979    0.502633\n",
      "1980    0.509568\n",
      "1981    0.542037\n",
      "1982    0.629157\n",
      "1983    0.701652\n",
      "1984    0.746109\n",
      "1985    0.689862\n",
      "1986    0.681614\n",
      "1987    0.684493\n",
      "1988    0.511565\n",
      "1989    0.644831\n",
      "1990    0.625018\n",
      "1991    0.587163\n",
      "1992    0.704044\n",
      "Name: log_wage, dtype: float32\n",
      "\n",
      "Covariance between log_wage across all years:\n",
      "year      1974      1975      1976      1977      1978      1979      1980  \\\n",
      "year                                                                         \n",
      "1974  0.380232  0.266168  0.223703  0.232121  0.247309  0.219021  0.192690   \n",
      "1975  0.266168  0.411052  0.269560  0.253488  0.267063  0.234334  0.205848   \n",
      "1976  0.223703  0.269560  0.466307  0.298764  0.262443  0.218654  0.206554   \n",
      "1977  0.232121  0.253488  0.298764  0.546291  0.306649  0.255678  0.238145   \n",
      "1978  0.247309  0.267063  0.262443  0.306649  0.579645  0.314938  0.268837   \n",
      "1979  0.219021  0.234334  0.218654  0.255678  0.314938  0.502633  0.304382   \n",
      "1980  0.192690  0.205848  0.206554  0.238145  0.268837  0.304382  0.509569   \n",
      "1981  0.172943  0.190847  0.179327  0.254721  0.264958  0.266425  0.342281   \n",
      "1982  0.174611  0.198061  0.199280  0.228993  0.234453  0.261171  0.302340   \n",
      "1983  0.186813  0.187549  0.209063  0.215633  0.233428  0.252946  0.297831   \n",
      "1984  0.171124  0.181489  0.195643  0.236753  0.244582  0.260685  0.303705   \n",
      "1985  0.169817  0.159429  0.185495  0.205950  0.213733  0.229166  0.259129   \n",
      "1986  0.186373  0.175009  0.181148  0.230313  0.201749  0.218492  0.251555   \n",
      "1987  0.150952  0.169591  0.182515  0.207437  0.210650  0.196992  0.224739   \n",
      "1988  0.141803  0.154137  0.157680  0.188814  0.173736  0.186591  0.221790   \n",
      "1989  0.177476  0.191548  0.162372  0.206426  0.174617  0.201091  0.222968   \n",
      "1990  0.144341  0.177200  0.176461  0.198869  0.163338  0.176052  0.194946   \n",
      "1991  0.129477  0.153252  0.183787  0.219495  0.143215  0.165536  0.182388   \n",
      "1992  0.109535  0.147261  0.153181  0.166731  0.140366  0.164548  0.200839   \n",
      "\n",
      "year      1981      1982      1983      1984      1985      1986      1987  \\\n",
      "year                                                                         \n",
      "1974  0.172943  0.174611  0.186813  0.171124  0.169817  0.186373  0.150952   \n",
      "1975  0.190847  0.198061  0.187549  0.181489  0.159429  0.175009  0.169591   \n",
      "1976  0.179327  0.199280  0.209063  0.195643  0.185495  0.181148  0.182515   \n",
      "1977  0.254721  0.228993  0.215633  0.236753  0.205950  0.230313  0.207437   \n",
      "1978  0.264958  0.234453  0.233428  0.244582  0.213733  0.201749  0.210650   \n",
      "1979  0.266425  0.261171  0.252946  0.260685  0.229166  0.218492  0.196992   \n",
      "1980  0.342281  0.302340  0.297831  0.303705  0.259129  0.251555  0.224739   \n",
      "1981  0.542037  0.350024  0.310555  0.303280  0.266673  0.255760  0.252414   \n",
      "1982  0.350024  0.629157  0.348557  0.348459  0.345709  0.325680  0.278233   \n",
      "1983  0.310555  0.348557  0.701649  0.423167  0.401102  0.390195  0.360385   \n",
      "1984  0.303280  0.348459  0.423167  0.746107  0.443361  0.407637  0.350220   \n",
      "1985  0.266673  0.345709  0.401102  0.443361  0.689860  0.446360  0.379651   \n",
      "1986  0.255760  0.325680  0.390195  0.407637  0.446360  0.681613  0.420080   \n",
      "1987  0.252414  0.278233  0.360385  0.350220  0.379651  0.420080  0.684493   \n",
      "1988  0.247930  0.278888  0.326801  0.338189  0.340567  0.384888  0.391887   \n",
      "1989  0.234822  0.255396  0.294632  0.320238  0.351953  0.354968  0.381379   \n",
      "1990  0.210068  0.245366  0.311031  0.286285  0.312728  0.349163  0.341647   \n",
      "1991  0.193489  0.252007  0.275667  0.280938  0.313358  0.313051  0.318024   \n",
      "1992  0.201162  0.219352  0.267655  0.270830  0.281033  0.286647  0.277021   \n",
      "\n",
      "year      1988      1989      1990      1991      1992  \n",
      "year                                                    \n",
      "1974  0.141803  0.177476  0.144341  0.129477  0.109535  \n",
      "1975  0.154137  0.191548  0.177200  0.153252  0.147261  \n",
      "1976  0.157680  0.162372  0.176461  0.183787  0.153181  \n",
      "1977  0.188814  0.206426  0.198869  0.219495  0.166731  \n",
      "1978  0.173736  0.174617  0.163338  0.143215  0.140366  \n",
      "1979  0.186591  0.201091  0.176052  0.165536  0.164548  \n",
      "1980  0.221790  0.222968  0.194946  0.182388  0.200839  \n",
      "1981  0.247930  0.234822  0.210068  0.193489  0.201162  \n",
      "1982  0.278888  0.255396  0.245366  0.252007  0.219352  \n",
      "1983  0.326801  0.294632  0.311031  0.275667  0.267655  \n",
      "1984  0.338189  0.320238  0.286285  0.280938  0.270830  \n",
      "1985  0.340567  0.351953  0.312728  0.313358  0.281033  \n",
      "1986  0.384888  0.354968  0.349163  0.313051  0.286647  \n",
      "1987  0.391887  0.381379  0.341647  0.318024  0.277021  \n",
      "1988  0.511565  0.385221  0.363491  0.315865  0.277453  \n",
      "1989  0.385221  0.644830  0.403763  0.379751  0.352977  \n",
      "1990  0.363491  0.403763  0.625018  0.380294  0.357061  \n",
      "1991  0.315865  0.379751  0.380294  0.587163  0.419311  \n",
      "1992  0.277453  0.352977  0.357061  0.419311  0.704044  \n"
     ]
    }
   ],
   "source": [
    "print(\"Variance of log_wage for each year:\")\n",
    "print(variance_by_year)\n",
    "print(\"\\nCovariance between log_wage across all years:\")\n",
    "print(covariance_across_years)"
   ]
  },
  {
   "cell_type": "code",
   "execution_count": 68,
   "metadata": {},
   "outputs": [],
   "source": [
    "def simulate_income_data(params, num_individuals, num_periods):\n",
    "    var_alpha, rho, var_eta, var_epsilon = params\n",
    "    \n",
    "    # Simulate individual-specific fixed effects\n",
    "    individual_fixed_effects = np.random.normal(scale=np.sqrt(var_alpha), size=num_individuals)\n",
    "    \n",
    "    # Initialize DataFrame to store simulated income data\n",
    "    simulated_data = pd.DataFrame(index=range(num_individuals), columns=range(num_periods))\n",
    "    \n",
    "    # Simulate income data for each individual\n",
    "    for i in range(num_individuals):\n",
    "        # Initialize the autoregressive process\n",
    "        z_process = 0\n",
    "        \n",
    "        # Generate income data for each period\n",
    "        for t in range(num_periods):\n",
    "            # Simulate shock to the autoregressive process\n",
    "            eta = np.random.normal(scale=np.sqrt(var_eta))\n",
    "            \n",
    "            # Update autoregressive process\n",
    "            z_process = rho * z_process + eta\n",
    "            \n",
    "            # Simulate income for the current period\n",
    "            income = individual_fixed_effects[i] + z_process + np.random.normal(scale=np.sqrt(var_epsilon))\n",
    "            \n",
    "            # Store simulated income in DataFrame\n",
    "            simulated_data.at[i, t] = income\n",
    "    \n",
    "    return simulated_data"
   ]
  },
  {
   "cell_type": "code",
   "execution_count": 76,
   "metadata": {},
   "outputs": [],
   "source": [
    "guessed_params = [0.5, 0.9, 0.2, 0.1]  # Example parameters for alpha, rho, var_eta, and var_epsilon\n",
    "num_individuals = 1000  # Number of individuals\n",
    "num_periods = 19  # Number of periods (e.g., years)\n",
    "\n",
    "# Simulate income data\n",
    "simulated_data = simulate_income_data(guessed_params, num_individuals, num_periods)"
   ]
  },
  {
   "cell_type": "code",
   "execution_count": 77,
   "metadata": {},
   "outputs": [
    {
     "name": "stdout",
     "output_type": "stream",
     "text": [
      "           0         1         2         3         4         5         6   \\\n",
      "0    0.093337  0.404841  0.766256  0.813215 -0.101056   0.38157  0.535529   \n",
      "1   -0.906501 -0.513227 -0.110164  0.227811  0.086962  -0.08045 -0.338289   \n",
      "2   -1.707109 -0.417191 -0.096259 -0.401771  0.302603  1.348372  1.298273   \n",
      "3   -0.761609 -0.550866  0.967775  0.903526    0.8227  1.271983  1.526608   \n",
      "4   -0.652009  0.688735 -0.223649  0.037966  0.562785  0.277354  -0.00611   \n",
      "..        ...       ...       ...       ...       ...       ...       ...   \n",
      "995 -0.598646 -0.534849 -0.250475  -1.12976 -2.086689 -1.967148 -2.135734   \n",
      "996  1.639314  1.262608  1.308448 -0.102592 -0.950684 -0.591681 -1.424137   \n",
      "997  0.431165  0.127634  0.489259  1.162034  0.589839   1.03849  0.290333   \n",
      "998  -0.21314 -0.447817 -1.116315 -0.137838 -0.313425  0.219398  0.744516   \n",
      "999  1.388218  1.164052  1.206393  0.355479  0.564018   1.31804 -0.306445   \n",
      "\n",
      "           7         8         9         10        11        12        13  \\\n",
      "0   -0.540964 -0.651883 -0.529562 -0.723849  -0.42227 -0.891202  0.321448   \n",
      "1   -1.173824 -2.004913 -0.703246 -0.724431 -0.417224 -0.010873 -0.466584   \n",
      "2    0.727336  1.277083  0.072781 -0.012129 -0.080962 -0.040472 -0.247194   \n",
      "3    1.452865  2.614146  1.508691  1.854509  1.269683  0.755169  1.501093   \n",
      "4    0.927879 -0.063806  0.881976  0.155575  0.028452 -0.982441 -0.072927   \n",
      "..        ...       ...       ...       ...       ...       ...       ...   \n",
      "995 -2.476662 -1.413059  -0.37101  0.157496   0.04356 -0.474314 -0.694784   \n",
      "996 -2.291425 -1.924201 -1.605645 -1.389818  0.392441  0.335807  0.458611   \n",
      "997   0.59442  0.660503  0.505468  0.662552  0.870298  1.854505  1.944954   \n",
      "998  1.397252   0.32055 -0.279244  1.845284  0.711923  0.847266  2.390094   \n",
      "999  0.406892  1.305952  1.035456  0.069167  0.649141  0.677267   0.08904   \n",
      "\n",
      "           14        15        16        17        18  \n",
      "0   -1.128758  0.091912  0.011156  0.266025  0.534998  \n",
      "1   -0.317313  0.174434 -0.398295 -0.740639 -0.930472  \n",
      "2   -0.034382  0.097381 -0.249099 -0.239695 -0.647472  \n",
      "3    0.604883  0.736176  1.382621  1.242075  0.544708  \n",
      "4   -0.556236  0.442477 -0.081709  0.923231  0.436344  \n",
      "..        ...       ...       ...       ...       ...  \n",
      "995  0.092477 -0.302933 -1.181061  0.444863  0.457822  \n",
      "996  0.408852  0.329885  0.709739  0.165779  0.233104  \n",
      "997  1.589155  1.404103   2.25045  1.521822  1.706917  \n",
      "998  2.030828  2.025016  0.622907  1.398687  1.098809  \n",
      "999  1.202379  0.388589  0.614083  0.662995  0.163553  \n",
      "\n",
      "[1000 rows x 19 columns]\n"
     ]
    }
   ],
   "source": [
    "print(simulated_data)"
   ]
  },
  {
   "cell_type": "code",
   "execution_count": 78,
   "metadata": {},
   "outputs": [],
   "source": [
    "cov_matrix = simulated_data.cov()"
   ]
  },
  {
   "cell_type": "code",
   "execution_count": 79,
   "metadata": {},
   "outputs": [
    {
     "data": {
      "text/html": [
       "<div>\n",
       "<style scoped>\n",
       "    .dataframe tbody tr th:only-of-type {\n",
       "        vertical-align: middle;\n",
       "    }\n",
       "\n",
       "    .dataframe tbody tr th {\n",
       "        vertical-align: top;\n",
       "    }\n",
       "\n",
       "    .dataframe thead th {\n",
       "        text-align: right;\n",
       "    }\n",
       "</style>\n",
       "<table border=\"1\" class=\"dataframe\">\n",
       "  <thead>\n",
       "    <tr style=\"text-align: right;\">\n",
       "      <th></th>\n",
       "      <th>0</th>\n",
       "      <th>1</th>\n",
       "      <th>2</th>\n",
       "      <th>3</th>\n",
       "      <th>4</th>\n",
       "      <th>5</th>\n",
       "      <th>6</th>\n",
       "      <th>7</th>\n",
       "      <th>8</th>\n",
       "      <th>9</th>\n",
       "      <th>10</th>\n",
       "      <th>11</th>\n",
       "      <th>12</th>\n",
       "      <th>13</th>\n",
       "      <th>14</th>\n",
       "      <th>15</th>\n",
       "      <th>16</th>\n",
       "      <th>17</th>\n",
       "      <th>18</th>\n",
       "    </tr>\n",
       "  </thead>\n",
       "  <tbody>\n",
       "    <tr>\n",
       "      <th>0</th>\n",
       "      <td>0.785751</td>\n",
       "      <td>0.651012</td>\n",
       "      <td>0.630706</td>\n",
       "      <td>0.618356</td>\n",
       "      <td>0.615958</td>\n",
       "      <td>0.592810</td>\n",
       "      <td>0.570082</td>\n",
       "      <td>0.573846</td>\n",
       "      <td>0.566039</td>\n",
       "      <td>0.564970</td>\n",
       "      <td>0.580778</td>\n",
       "      <td>0.601339</td>\n",
       "      <td>0.583512</td>\n",
       "      <td>0.559532</td>\n",
       "      <td>0.580760</td>\n",
       "      <td>0.573083</td>\n",
       "      <td>0.576820</td>\n",
       "      <td>0.538497</td>\n",
       "      <td>0.539721</td>\n",
       "    </tr>\n",
       "    <tr>\n",
       "      <th>1</th>\n",
       "      <td>0.651012</td>\n",
       "      <td>0.919625</td>\n",
       "      <td>0.789416</td>\n",
       "      <td>0.750048</td>\n",
       "      <td>0.752484</td>\n",
       "      <td>0.718899</td>\n",
       "      <td>0.685038</td>\n",
       "      <td>0.689314</td>\n",
       "      <td>0.684397</td>\n",
       "      <td>0.644560</td>\n",
       "      <td>0.674823</td>\n",
       "      <td>0.665214</td>\n",
       "      <td>0.610591</td>\n",
       "      <td>0.594648</td>\n",
       "      <td>0.589297</td>\n",
       "      <td>0.584605</td>\n",
       "      <td>0.604959</td>\n",
       "      <td>0.551523</td>\n",
       "      <td>0.557418</td>\n",
       "    </tr>\n",
       "    <tr>\n",
       "      <th>2</th>\n",
       "      <td>0.630706</td>\n",
       "      <td>0.789416</td>\n",
       "      <td>1.064570</td>\n",
       "      <td>0.922266</td>\n",
       "      <td>0.906195</td>\n",
       "      <td>0.858141</td>\n",
       "      <td>0.803293</td>\n",
       "      <td>0.782856</td>\n",
       "      <td>0.796085</td>\n",
       "      <td>0.738464</td>\n",
       "      <td>0.748940</td>\n",
       "      <td>0.731796</td>\n",
       "      <td>0.683889</td>\n",
       "      <td>0.661357</td>\n",
       "      <td>0.643175</td>\n",
       "      <td>0.626187</td>\n",
       "      <td>0.651564</td>\n",
       "      <td>0.587778</td>\n",
       "      <td>0.593260</td>\n",
       "    </tr>\n",
       "    <tr>\n",
       "      <th>3</th>\n",
       "      <td>0.618356</td>\n",
       "      <td>0.750048</td>\n",
       "      <td>0.922266</td>\n",
       "      <td>1.185387</td>\n",
       "      <td>1.056477</td>\n",
       "      <td>0.996121</td>\n",
       "      <td>0.928464</td>\n",
       "      <td>0.900639</td>\n",
       "      <td>0.900215</td>\n",
       "      <td>0.838201</td>\n",
       "      <td>0.821257</td>\n",
       "      <td>0.798762</td>\n",
       "      <td>0.745488</td>\n",
       "      <td>0.720445</td>\n",
       "      <td>0.701405</td>\n",
       "      <td>0.677740</td>\n",
       "      <td>0.678426</td>\n",
       "      <td>0.631047</td>\n",
       "      <td>0.622159</td>\n",
       "    </tr>\n",
       "    <tr>\n",
       "      <th>4</th>\n",
       "      <td>0.615958</td>\n",
       "      <td>0.752484</td>\n",
       "      <td>0.906195</td>\n",
       "      <td>1.056477</td>\n",
       "      <td>1.327792</td>\n",
       "      <td>1.140002</td>\n",
       "      <td>1.062696</td>\n",
       "      <td>1.029727</td>\n",
       "      <td>1.006110</td>\n",
       "      <td>0.939796</td>\n",
       "      <td>0.915424</td>\n",
       "      <td>0.867270</td>\n",
       "      <td>0.813169</td>\n",
       "      <td>0.786425</td>\n",
       "      <td>0.747206</td>\n",
       "      <td>0.720354</td>\n",
       "      <td>0.707712</td>\n",
       "      <td>0.657081</td>\n",
       "      <td>0.649780</td>\n",
       "    </tr>\n",
       "    <tr>\n",
       "      <th>5</th>\n",
       "      <td>0.592810</td>\n",
       "      <td>0.718899</td>\n",
       "      <td>0.858141</td>\n",
       "      <td>0.996121</td>\n",
       "      <td>1.140002</td>\n",
       "      <td>1.349049</td>\n",
       "      <td>1.153346</td>\n",
       "      <td>1.095018</td>\n",
       "      <td>1.079572</td>\n",
       "      <td>1.013138</td>\n",
       "      <td>0.978758</td>\n",
       "      <td>0.948676</td>\n",
       "      <td>0.892526</td>\n",
       "      <td>0.844075</td>\n",
       "      <td>0.815898</td>\n",
       "      <td>0.798662</td>\n",
       "      <td>0.786200</td>\n",
       "      <td>0.717171</td>\n",
       "      <td>0.698337</td>\n",
       "    </tr>\n",
       "    <tr>\n",
       "      <th>6</th>\n",
       "      <td>0.570082</td>\n",
       "      <td>0.685038</td>\n",
       "      <td>0.803293</td>\n",
       "      <td>0.928464</td>\n",
       "      <td>1.062696</td>\n",
       "      <td>1.153346</td>\n",
       "      <td>1.396492</td>\n",
       "      <td>1.204518</td>\n",
       "      <td>1.177507</td>\n",
       "      <td>1.084047</td>\n",
       "      <td>1.064780</td>\n",
       "      <td>1.006618</td>\n",
       "      <td>0.941792</td>\n",
       "      <td>0.909332</td>\n",
       "      <td>0.856913</td>\n",
       "      <td>0.835661</td>\n",
       "      <td>0.819668</td>\n",
       "      <td>0.733100</td>\n",
       "      <td>0.741670</td>\n",
       "    </tr>\n",
       "    <tr>\n",
       "      <th>7</th>\n",
       "      <td>0.573846</td>\n",
       "      <td>0.689314</td>\n",
       "      <td>0.782856</td>\n",
       "      <td>0.900639</td>\n",
       "      <td>1.029727</td>\n",
       "      <td>1.095018</td>\n",
       "      <td>1.204518</td>\n",
       "      <td>1.443284</td>\n",
       "      <td>1.302037</td>\n",
       "      <td>1.203781</td>\n",
       "      <td>1.164349</td>\n",
       "      <td>1.093412</td>\n",
       "      <td>0.998790</td>\n",
       "      <td>0.959838</td>\n",
       "      <td>0.915497</td>\n",
       "      <td>0.887131</td>\n",
       "      <td>0.865565</td>\n",
       "      <td>0.770743</td>\n",
       "      <td>0.763660</td>\n",
       "    </tr>\n",
       "    <tr>\n",
       "      <th>8</th>\n",
       "      <td>0.566039</td>\n",
       "      <td>0.684397</td>\n",
       "      <td>0.796085</td>\n",
       "      <td>0.900215</td>\n",
       "      <td>1.006110</td>\n",
       "      <td>1.079572</td>\n",
       "      <td>1.177507</td>\n",
       "      <td>1.302037</td>\n",
       "      <td>1.572681</td>\n",
       "      <td>1.333922</td>\n",
       "      <td>1.279078</td>\n",
       "      <td>1.207353</td>\n",
       "      <td>1.097896</td>\n",
       "      <td>1.050558</td>\n",
       "      <td>0.991386</td>\n",
       "      <td>0.931549</td>\n",
       "      <td>0.912864</td>\n",
       "      <td>0.820973</td>\n",
       "      <td>0.799624</td>\n",
       "    </tr>\n",
       "    <tr>\n",
       "      <th>9</th>\n",
       "      <td>0.564970</td>\n",
       "      <td>0.644560</td>\n",
       "      <td>0.738464</td>\n",
       "      <td>0.838201</td>\n",
       "      <td>0.939796</td>\n",
       "      <td>1.013138</td>\n",
       "      <td>1.084047</td>\n",
       "      <td>1.203781</td>\n",
       "      <td>1.333922</td>\n",
       "      <td>1.523875</td>\n",
       "      <td>1.360187</td>\n",
       "      <td>1.261061</td>\n",
       "      <td>1.160248</td>\n",
       "      <td>1.115659</td>\n",
       "      <td>1.049199</td>\n",
       "      <td>0.983641</td>\n",
       "      <td>0.971659</td>\n",
       "      <td>0.853875</td>\n",
       "      <td>0.822786</td>\n",
       "    </tr>\n",
       "    <tr>\n",
       "      <th>10</th>\n",
       "      <td>0.580778</td>\n",
       "      <td>0.674823</td>\n",
       "      <td>0.748940</td>\n",
       "      <td>0.821257</td>\n",
       "      <td>0.915424</td>\n",
       "      <td>0.978758</td>\n",
       "      <td>1.064780</td>\n",
       "      <td>1.164349</td>\n",
       "      <td>1.279078</td>\n",
       "      <td>1.360187</td>\n",
       "      <td>1.602274</td>\n",
       "      <td>1.399650</td>\n",
       "      <td>1.265738</td>\n",
       "      <td>1.210741</td>\n",
       "      <td>1.120934</td>\n",
       "      <td>1.062486</td>\n",
       "      <td>1.035843</td>\n",
       "      <td>0.907976</td>\n",
       "      <td>0.874937</td>\n",
       "    </tr>\n",
       "    <tr>\n",
       "      <th>11</th>\n",
       "      <td>0.601339</td>\n",
       "      <td>0.665214</td>\n",
       "      <td>0.731796</td>\n",
       "      <td>0.798762</td>\n",
       "      <td>0.867270</td>\n",
       "      <td>0.948676</td>\n",
       "      <td>1.006618</td>\n",
       "      <td>1.093412</td>\n",
       "      <td>1.207353</td>\n",
       "      <td>1.261061</td>\n",
       "      <td>1.399650</td>\n",
       "      <td>1.599899</td>\n",
       "      <td>1.379068</td>\n",
       "      <td>1.316258</td>\n",
       "      <td>1.236516</td>\n",
       "      <td>1.161065</td>\n",
       "      <td>1.121635</td>\n",
       "      <td>0.998055</td>\n",
       "      <td>0.943869</td>\n",
       "    </tr>\n",
       "    <tr>\n",
       "      <th>12</th>\n",
       "      <td>0.583512</td>\n",
       "      <td>0.610591</td>\n",
       "      <td>0.683889</td>\n",
       "      <td>0.745488</td>\n",
       "      <td>0.813169</td>\n",
       "      <td>0.892526</td>\n",
       "      <td>0.941792</td>\n",
       "      <td>0.998790</td>\n",
       "      <td>1.097896</td>\n",
       "      <td>1.160248</td>\n",
       "      <td>1.265738</td>\n",
       "      <td>1.379068</td>\n",
       "      <td>1.589211</td>\n",
       "      <td>1.409604</td>\n",
       "      <td>1.316588</td>\n",
       "      <td>1.234019</td>\n",
       "      <td>1.179688</td>\n",
       "      <td>1.039563</td>\n",
       "      <td>0.986136</td>\n",
       "    </tr>\n",
       "    <tr>\n",
       "      <th>13</th>\n",
       "      <td>0.559532</td>\n",
       "      <td>0.594648</td>\n",
       "      <td>0.661357</td>\n",
       "      <td>0.720445</td>\n",
       "      <td>0.786425</td>\n",
       "      <td>0.844075</td>\n",
       "      <td>0.909332</td>\n",
       "      <td>0.959838</td>\n",
       "      <td>1.050558</td>\n",
       "      <td>1.115659</td>\n",
       "      <td>1.210741</td>\n",
       "      <td>1.316258</td>\n",
       "      <td>1.409604</td>\n",
       "      <td>1.601908</td>\n",
       "      <td>1.404306</td>\n",
       "      <td>1.326379</td>\n",
       "      <td>1.241759</td>\n",
       "      <td>1.114385</td>\n",
       "      <td>1.041624</td>\n",
       "    </tr>\n",
       "    <tr>\n",
       "      <th>14</th>\n",
       "      <td>0.580760</td>\n",
       "      <td>0.589297</td>\n",
       "      <td>0.643175</td>\n",
       "      <td>0.701405</td>\n",
       "      <td>0.747206</td>\n",
       "      <td>0.815898</td>\n",
       "      <td>0.856913</td>\n",
       "      <td>0.915497</td>\n",
       "      <td>0.991386</td>\n",
       "      <td>1.049199</td>\n",
       "      <td>1.120934</td>\n",
       "      <td>1.236516</td>\n",
       "      <td>1.316588</td>\n",
       "      <td>1.404306</td>\n",
       "      <td>1.587846</td>\n",
       "      <td>1.389348</td>\n",
       "      <td>1.308261</td>\n",
       "      <td>1.183324</td>\n",
       "      <td>1.096172</td>\n",
       "    </tr>\n",
       "    <tr>\n",
       "      <th>15</th>\n",
       "      <td>0.573083</td>\n",
       "      <td>0.584605</td>\n",
       "      <td>0.626187</td>\n",
       "      <td>0.677740</td>\n",
       "      <td>0.720354</td>\n",
       "      <td>0.798662</td>\n",
       "      <td>0.835661</td>\n",
       "      <td>0.887131</td>\n",
       "      <td>0.931549</td>\n",
       "      <td>0.983641</td>\n",
       "      <td>1.062486</td>\n",
       "      <td>1.161065</td>\n",
       "      <td>1.234019</td>\n",
       "      <td>1.326379</td>\n",
       "      <td>1.389348</td>\n",
       "      <td>1.624900</td>\n",
       "      <td>1.440196</td>\n",
       "      <td>1.286647</td>\n",
       "      <td>1.188418</td>\n",
       "    </tr>\n",
       "    <tr>\n",
       "      <th>16</th>\n",
       "      <td>0.576820</td>\n",
       "      <td>0.604959</td>\n",
       "      <td>0.651564</td>\n",
       "      <td>0.678426</td>\n",
       "      <td>0.707712</td>\n",
       "      <td>0.786200</td>\n",
       "      <td>0.819668</td>\n",
       "      <td>0.865565</td>\n",
       "      <td>0.912864</td>\n",
       "      <td>0.971659</td>\n",
       "      <td>1.035843</td>\n",
       "      <td>1.121635</td>\n",
       "      <td>1.179688</td>\n",
       "      <td>1.241759</td>\n",
       "      <td>1.308261</td>\n",
       "      <td>1.440196</td>\n",
       "      <td>1.653300</td>\n",
       "      <td>1.377116</td>\n",
       "      <td>1.286375</td>\n",
       "    </tr>\n",
       "    <tr>\n",
       "      <th>17</th>\n",
       "      <td>0.538497</td>\n",
       "      <td>0.551523</td>\n",
       "      <td>0.587778</td>\n",
       "      <td>0.631047</td>\n",
       "      <td>0.657081</td>\n",
       "      <td>0.717171</td>\n",
       "      <td>0.733100</td>\n",
       "      <td>0.770743</td>\n",
       "      <td>0.820973</td>\n",
       "      <td>0.853875</td>\n",
       "      <td>0.907976</td>\n",
       "      <td>0.998055</td>\n",
       "      <td>1.039563</td>\n",
       "      <td>1.114385</td>\n",
       "      <td>1.183324</td>\n",
       "      <td>1.286647</td>\n",
       "      <td>1.377116</td>\n",
       "      <td>1.512323</td>\n",
       "      <td>1.318006</td>\n",
       "    </tr>\n",
       "    <tr>\n",
       "      <th>18</th>\n",
       "      <td>0.539721</td>\n",
       "      <td>0.557418</td>\n",
       "      <td>0.593260</td>\n",
       "      <td>0.622159</td>\n",
       "      <td>0.649780</td>\n",
       "      <td>0.698337</td>\n",
       "      <td>0.741670</td>\n",
       "      <td>0.763660</td>\n",
       "      <td>0.799624</td>\n",
       "      <td>0.822786</td>\n",
       "      <td>0.874937</td>\n",
       "      <td>0.943869</td>\n",
       "      <td>0.986136</td>\n",
       "      <td>1.041624</td>\n",
       "      <td>1.096172</td>\n",
       "      <td>1.188418</td>\n",
       "      <td>1.286375</td>\n",
       "      <td>1.318006</td>\n",
       "      <td>1.514867</td>\n",
       "    </tr>\n",
       "  </tbody>\n",
       "</table>\n",
       "</div>"
      ],
      "text/plain": [
       "          0         1         2         3         4         5         6   \\\n",
       "0   0.785751  0.651012  0.630706  0.618356  0.615958  0.592810  0.570082   \n",
       "1   0.651012  0.919625  0.789416  0.750048  0.752484  0.718899  0.685038   \n",
       "2   0.630706  0.789416  1.064570  0.922266  0.906195  0.858141  0.803293   \n",
       "3   0.618356  0.750048  0.922266  1.185387  1.056477  0.996121  0.928464   \n",
       "4   0.615958  0.752484  0.906195  1.056477  1.327792  1.140002  1.062696   \n",
       "5   0.592810  0.718899  0.858141  0.996121  1.140002  1.349049  1.153346   \n",
       "6   0.570082  0.685038  0.803293  0.928464  1.062696  1.153346  1.396492   \n",
       "7   0.573846  0.689314  0.782856  0.900639  1.029727  1.095018  1.204518   \n",
       "8   0.566039  0.684397  0.796085  0.900215  1.006110  1.079572  1.177507   \n",
       "9   0.564970  0.644560  0.738464  0.838201  0.939796  1.013138  1.084047   \n",
       "10  0.580778  0.674823  0.748940  0.821257  0.915424  0.978758  1.064780   \n",
       "11  0.601339  0.665214  0.731796  0.798762  0.867270  0.948676  1.006618   \n",
       "12  0.583512  0.610591  0.683889  0.745488  0.813169  0.892526  0.941792   \n",
       "13  0.559532  0.594648  0.661357  0.720445  0.786425  0.844075  0.909332   \n",
       "14  0.580760  0.589297  0.643175  0.701405  0.747206  0.815898  0.856913   \n",
       "15  0.573083  0.584605  0.626187  0.677740  0.720354  0.798662  0.835661   \n",
       "16  0.576820  0.604959  0.651564  0.678426  0.707712  0.786200  0.819668   \n",
       "17  0.538497  0.551523  0.587778  0.631047  0.657081  0.717171  0.733100   \n",
       "18  0.539721  0.557418  0.593260  0.622159  0.649780  0.698337  0.741670   \n",
       "\n",
       "          7         8         9         10        11        12        13  \\\n",
       "0   0.573846  0.566039  0.564970  0.580778  0.601339  0.583512  0.559532   \n",
       "1   0.689314  0.684397  0.644560  0.674823  0.665214  0.610591  0.594648   \n",
       "2   0.782856  0.796085  0.738464  0.748940  0.731796  0.683889  0.661357   \n",
       "3   0.900639  0.900215  0.838201  0.821257  0.798762  0.745488  0.720445   \n",
       "4   1.029727  1.006110  0.939796  0.915424  0.867270  0.813169  0.786425   \n",
       "5   1.095018  1.079572  1.013138  0.978758  0.948676  0.892526  0.844075   \n",
       "6   1.204518  1.177507  1.084047  1.064780  1.006618  0.941792  0.909332   \n",
       "7   1.443284  1.302037  1.203781  1.164349  1.093412  0.998790  0.959838   \n",
       "8   1.302037  1.572681  1.333922  1.279078  1.207353  1.097896  1.050558   \n",
       "9   1.203781  1.333922  1.523875  1.360187  1.261061  1.160248  1.115659   \n",
       "10  1.164349  1.279078  1.360187  1.602274  1.399650  1.265738  1.210741   \n",
       "11  1.093412  1.207353  1.261061  1.399650  1.599899  1.379068  1.316258   \n",
       "12  0.998790  1.097896  1.160248  1.265738  1.379068  1.589211  1.409604   \n",
       "13  0.959838  1.050558  1.115659  1.210741  1.316258  1.409604  1.601908   \n",
       "14  0.915497  0.991386  1.049199  1.120934  1.236516  1.316588  1.404306   \n",
       "15  0.887131  0.931549  0.983641  1.062486  1.161065  1.234019  1.326379   \n",
       "16  0.865565  0.912864  0.971659  1.035843  1.121635  1.179688  1.241759   \n",
       "17  0.770743  0.820973  0.853875  0.907976  0.998055  1.039563  1.114385   \n",
       "18  0.763660  0.799624  0.822786  0.874937  0.943869  0.986136  1.041624   \n",
       "\n",
       "          14        15        16        17        18  \n",
       "0   0.580760  0.573083  0.576820  0.538497  0.539721  \n",
       "1   0.589297  0.584605  0.604959  0.551523  0.557418  \n",
       "2   0.643175  0.626187  0.651564  0.587778  0.593260  \n",
       "3   0.701405  0.677740  0.678426  0.631047  0.622159  \n",
       "4   0.747206  0.720354  0.707712  0.657081  0.649780  \n",
       "5   0.815898  0.798662  0.786200  0.717171  0.698337  \n",
       "6   0.856913  0.835661  0.819668  0.733100  0.741670  \n",
       "7   0.915497  0.887131  0.865565  0.770743  0.763660  \n",
       "8   0.991386  0.931549  0.912864  0.820973  0.799624  \n",
       "9   1.049199  0.983641  0.971659  0.853875  0.822786  \n",
       "10  1.120934  1.062486  1.035843  0.907976  0.874937  \n",
       "11  1.236516  1.161065  1.121635  0.998055  0.943869  \n",
       "12  1.316588  1.234019  1.179688  1.039563  0.986136  \n",
       "13  1.404306  1.326379  1.241759  1.114385  1.041624  \n",
       "14  1.587846  1.389348  1.308261  1.183324  1.096172  \n",
       "15  1.389348  1.624900  1.440196  1.286647  1.188418  \n",
       "16  1.308261  1.440196  1.653300  1.377116  1.286375  \n",
       "17  1.183324  1.286647  1.377116  1.512323  1.318006  \n",
       "18  1.096172  1.188418  1.286375  1.318006  1.514867  "
      ]
     },
     "metadata": {},
     "output_type": "display_data"
    }
   ],
   "source": [
    "display(cov_matrix)"
   ]
  },
  {
   "cell_type": "code",
   "execution_count": null,
   "metadata": {},
   "outputs": [],
   "source": []
  }
 ],
 "metadata": {
  "kernelspec": {
   "display_name": "pandas",
   "language": "python",
   "name": "python3"
  },
  "language_info": {
   "codemirror_mode": {
    "name": "ipython",
    "version": 3
   },
   "file_extension": ".py",
   "mimetype": "text/x-python",
   "name": "python",
   "nbconvert_exporter": "python",
   "pygments_lexer": "ipython3",
   "version": "3.12.2"
  }
 },
 "nbformat": 4,
 "nbformat_minor": 2
}
