{
 "cells": [
  {
   "cell_type": "code",
   "execution_count": 53,
   "metadata": {},
   "outputs": [
    {
     "ename": "ModuleNotFoundError",
     "evalue": "No module named 'scipy'",
     "output_type": "error",
     "traceback": [
      "\u001b[1;31m---------------------------------------------------------------------------\u001b[0m",
      "\u001b[1;31mModuleNotFoundError\u001b[0m                       Traceback (most recent call last)",
      "Cell \u001b[1;32mIn[53], line 4\u001b[0m\n\u001b[0;32m      2\u001b[0m \u001b[38;5;28;01mimport\u001b[39;00m \u001b[38;5;21;01mnumpy\u001b[39;00m \u001b[38;5;28;01mas\u001b[39;00m \u001b[38;5;21;01mnp\u001b[39;00m\n\u001b[0;32m      3\u001b[0m \u001b[38;5;28;01mimport\u001b[39;00m \u001b[38;5;21;01mmatplotlib\u001b[39;00m\u001b[38;5;21;01m.\u001b[39;00m\u001b[38;5;21;01mpyplot\u001b[39;00m \u001b[38;5;28;01mas\u001b[39;00m \u001b[38;5;21;01mplt\u001b[39;00m\n\u001b[1;32m----> 4\u001b[0m \u001b[38;5;28;01mfrom\u001b[39;00m \u001b[38;5;21;01mscipy\u001b[39;00m\u001b[38;5;21;01m.\u001b[39;00m\u001b[38;5;21;01moptimize\u001b[39;00m \u001b[38;5;28;01mimport\u001b[39;00m minimize\n",
      "\u001b[1;31mModuleNotFoundError\u001b[0m: No module named 'scipy'"
     ]
    }
   ],
   "source": [
    "import pandas as pd\n",
    "import numpy as np\n",
    "import matplotlib.pyplot as plt\n",
    "from scipy.optimize import minimize"
   ]
  },
  {
   "cell_type": "code",
   "execution_count": 3,
   "metadata": {},
   "outputs": [
    {
     "data": {
      "text/html": [
       "<div>\n",
       "<style scoped>\n",
       "    .dataframe tbody tr th:only-of-type {\n",
       "        vertical-align: middle;\n",
       "    }\n",
       "\n",
       "    .dataframe tbody tr th {\n",
       "        vertical-align: top;\n",
       "    }\n",
       "\n",
       "    .dataframe thead th {\n",
       "        text-align: right;\n",
       "    }\n",
       "</style>\n",
       "<table border=\"1\" class=\"dataframe\">\n",
       "  <thead>\n",
       "    <tr style=\"text-align: right;\">\n",
       "      <th></th>\n",
       "      <th>person_ID</th>\n",
       "      <th>year</th>\n",
       "      <th>log_wage</th>\n",
       "    </tr>\n",
       "  </thead>\n",
       "  <tbody>\n",
       "    <tr>\n",
       "      <th>0</th>\n",
       "      <td>4.0</td>\n",
       "      <td>1982</td>\n",
       "      <td>9.615806</td>\n",
       "    </tr>\n",
       "    <tr>\n",
       "      <th>1</th>\n",
       "      <td>5.0</td>\n",
       "      <td>1974</td>\n",
       "      <td>9.479604</td>\n",
       "    </tr>\n",
       "    <tr>\n",
       "      <th>2</th>\n",
       "      <td>5.0</td>\n",
       "      <td>1975</td>\n",
       "      <td>9.384294</td>\n",
       "    </tr>\n",
       "    <tr>\n",
       "      <th>3</th>\n",
       "      <td>5.0</td>\n",
       "      <td>1976</td>\n",
       "      <td>7.228388</td>\n",
       "    </tr>\n",
       "    <tr>\n",
       "      <th>4</th>\n",
       "      <td>5.0</td>\n",
       "      <td>1977</td>\n",
       "      <td>9.428673</td>\n",
       "    </tr>\n",
       "    <tr>\n",
       "      <th>...</th>\n",
       "      <td>...</td>\n",
       "      <td>...</td>\n",
       "      <td>...</td>\n",
       "    </tr>\n",
       "    <tr>\n",
       "      <th>33774</th>\n",
       "      <td>35355.0</td>\n",
       "      <td>1975</td>\n",
       "      <td>9.026418</td>\n",
       "    </tr>\n",
       "    <tr>\n",
       "      <th>33775</th>\n",
       "      <td>35355.0</td>\n",
       "      <td>1976</td>\n",
       "      <td>8.780787</td>\n",
       "    </tr>\n",
       "    <tr>\n",
       "      <th>33776</th>\n",
       "      <td>35355.0</td>\n",
       "      <td>1977</td>\n",
       "      <td>9.086702</td>\n",
       "    </tr>\n",
       "    <tr>\n",
       "      <th>33777</th>\n",
       "      <td>35356.0</td>\n",
       "      <td>1975</td>\n",
       "      <td>8.348064</td>\n",
       "    </tr>\n",
       "    <tr>\n",
       "      <th>33778</th>\n",
       "      <td>35356.0</td>\n",
       "      <td>1976</td>\n",
       "      <td>7.288244</td>\n",
       "    </tr>\n",
       "  </tbody>\n",
       "</table>\n",
       "<p>33779 rows × 3 columns</p>\n",
       "</div>"
      ],
      "text/plain": [
       "       person_ID  year  log_wage\n",
       "0            4.0  1982  9.615806\n",
       "1            5.0  1974  9.479604\n",
       "2            5.0  1975  9.384294\n",
       "3            5.0  1976  7.228388\n",
       "4            5.0  1977  9.428673\n",
       "...          ...   ...       ...\n",
       "33774    35355.0  1975  9.026418\n",
       "33775    35355.0  1976  8.780787\n",
       "33776    35355.0  1977  9.086702\n",
       "33777    35356.0  1975  8.348064\n",
       "33778    35356.0  1976  7.288244\n",
       "\n",
       "[33779 rows x 3 columns]"
      ]
     },
     "metadata": {},
     "output_type": "display_data"
    }
   ],
   "source": [
    "data = pd.read_stata('C:\\\\Users\\\\bayle\\\\Documents\\\\HW4.dta')\n",
    "display(data)"
   ]
  },
  {
   "cell_type": "code",
   "execution_count": 4,
   "metadata": {},
   "outputs": [],
   "source": [
    "variables_list = data.columns.tolist()"
   ]
  },
  {
   "cell_type": "code",
   "execution_count": 5,
   "metadata": {},
   "outputs": [
    {
     "name": "stdout",
     "output_type": "stream",
     "text": [
      "['person_ID', 'year', 'log_wage']\n"
     ]
    }
   ],
   "source": [
    "print(variables_list)"
   ]
  },
  {
   "cell_type": "code",
   "execution_count": 6,
   "metadata": {},
   "outputs": [],
   "source": [
    "variance_by_year = data.groupby('year')['log_wage'].var()"
   ]
  },
  {
   "cell_type": "code",
   "execution_count": 45,
   "metadata": {},
   "outputs": [
    {
     "data": {
      "text/html": [
       "<div>\n",
       "<style scoped>\n",
       "    .dataframe tbody tr th:only-of-type {\n",
       "        vertical-align: middle;\n",
       "    }\n",
       "\n",
       "    .dataframe tbody tr th {\n",
       "        vertical-align: top;\n",
       "    }\n",
       "\n",
       "    .dataframe thead th {\n",
       "        text-align: right;\n",
       "    }\n",
       "</style>\n",
       "<table border=\"1\" class=\"dataframe\">\n",
       "  <thead>\n",
       "    <tr style=\"text-align: right;\">\n",
       "      <th>year</th>\n",
       "      <th>1974</th>\n",
       "      <th>1975</th>\n",
       "      <th>1976</th>\n",
       "      <th>1977</th>\n",
       "      <th>1978</th>\n",
       "      <th>1979</th>\n",
       "      <th>1980</th>\n",
       "      <th>1981</th>\n",
       "      <th>1982</th>\n",
       "      <th>1983</th>\n",
       "      <th>1984</th>\n",
       "      <th>1985</th>\n",
       "      <th>1986</th>\n",
       "      <th>1987</th>\n",
       "      <th>1988</th>\n",
       "      <th>1989</th>\n",
       "      <th>1990</th>\n",
       "      <th>1991</th>\n",
       "      <th>1992</th>\n",
       "    </tr>\n",
       "    <tr>\n",
       "      <th>year</th>\n",
       "      <th></th>\n",
       "      <th></th>\n",
       "      <th></th>\n",
       "      <th></th>\n",
       "      <th></th>\n",
       "      <th></th>\n",
       "      <th></th>\n",
       "      <th></th>\n",
       "      <th></th>\n",
       "      <th></th>\n",
       "      <th></th>\n",
       "      <th></th>\n",
       "      <th></th>\n",
       "      <th></th>\n",
       "      <th></th>\n",
       "      <th></th>\n",
       "      <th></th>\n",
       "      <th></th>\n",
       "      <th></th>\n",
       "    </tr>\n",
       "  </thead>\n",
       "  <tbody>\n",
       "    <tr>\n",
       "      <th>1974</th>\n",
       "      <td>0.380232</td>\n",
       "      <td>0.266168</td>\n",
       "      <td>0.223703</td>\n",
       "      <td>0.232121</td>\n",
       "      <td>0.247309</td>\n",
       "      <td>0.219021</td>\n",
       "      <td>0.192690</td>\n",
       "      <td>0.172943</td>\n",
       "      <td>0.174611</td>\n",
       "      <td>0.186813</td>\n",
       "      <td>0.171124</td>\n",
       "      <td>0.169817</td>\n",
       "      <td>0.186373</td>\n",
       "      <td>0.150952</td>\n",
       "      <td>0.141803</td>\n",
       "      <td>0.177476</td>\n",
       "      <td>0.144341</td>\n",
       "      <td>0.129477</td>\n",
       "      <td>0.109535</td>\n",
       "    </tr>\n",
       "    <tr>\n",
       "      <th>1975</th>\n",
       "      <td>0.266168</td>\n",
       "      <td>0.411052</td>\n",
       "      <td>0.269560</td>\n",
       "      <td>0.253488</td>\n",
       "      <td>0.267063</td>\n",
       "      <td>0.234334</td>\n",
       "      <td>0.205848</td>\n",
       "      <td>0.190847</td>\n",
       "      <td>0.198061</td>\n",
       "      <td>0.187549</td>\n",
       "      <td>0.181489</td>\n",
       "      <td>0.159429</td>\n",
       "      <td>0.175009</td>\n",
       "      <td>0.169591</td>\n",
       "      <td>0.154137</td>\n",
       "      <td>0.191548</td>\n",
       "      <td>0.177200</td>\n",
       "      <td>0.153252</td>\n",
       "      <td>0.147261</td>\n",
       "    </tr>\n",
       "    <tr>\n",
       "      <th>1976</th>\n",
       "      <td>0.223703</td>\n",
       "      <td>0.269560</td>\n",
       "      <td>0.466307</td>\n",
       "      <td>0.298764</td>\n",
       "      <td>0.262443</td>\n",
       "      <td>0.218654</td>\n",
       "      <td>0.206554</td>\n",
       "      <td>0.179327</td>\n",
       "      <td>0.199280</td>\n",
       "      <td>0.209063</td>\n",
       "      <td>0.195643</td>\n",
       "      <td>0.185495</td>\n",
       "      <td>0.181148</td>\n",
       "      <td>0.182515</td>\n",
       "      <td>0.157680</td>\n",
       "      <td>0.162372</td>\n",
       "      <td>0.176461</td>\n",
       "      <td>0.183787</td>\n",
       "      <td>0.153181</td>\n",
       "    </tr>\n",
       "    <tr>\n",
       "      <th>1977</th>\n",
       "      <td>0.232121</td>\n",
       "      <td>0.253488</td>\n",
       "      <td>0.298764</td>\n",
       "      <td>0.546291</td>\n",
       "      <td>0.306649</td>\n",
       "      <td>0.255678</td>\n",
       "      <td>0.238145</td>\n",
       "      <td>0.254721</td>\n",
       "      <td>0.228993</td>\n",
       "      <td>0.215633</td>\n",
       "      <td>0.236753</td>\n",
       "      <td>0.205950</td>\n",
       "      <td>0.230313</td>\n",
       "      <td>0.207437</td>\n",
       "      <td>0.188814</td>\n",
       "      <td>0.206426</td>\n",
       "      <td>0.198869</td>\n",
       "      <td>0.219495</td>\n",
       "      <td>0.166731</td>\n",
       "    </tr>\n",
       "    <tr>\n",
       "      <th>1978</th>\n",
       "      <td>0.247309</td>\n",
       "      <td>0.267063</td>\n",
       "      <td>0.262443</td>\n",
       "      <td>0.306649</td>\n",
       "      <td>0.579645</td>\n",
       "      <td>0.314938</td>\n",
       "      <td>0.268837</td>\n",
       "      <td>0.264958</td>\n",
       "      <td>0.234453</td>\n",
       "      <td>0.233428</td>\n",
       "      <td>0.244582</td>\n",
       "      <td>0.213733</td>\n",
       "      <td>0.201749</td>\n",
       "      <td>0.210650</td>\n",
       "      <td>0.173736</td>\n",
       "      <td>0.174617</td>\n",
       "      <td>0.163338</td>\n",
       "      <td>0.143215</td>\n",
       "      <td>0.140366</td>\n",
       "    </tr>\n",
       "    <tr>\n",
       "      <th>1979</th>\n",
       "      <td>0.219021</td>\n",
       "      <td>0.234334</td>\n",
       "      <td>0.218654</td>\n",
       "      <td>0.255678</td>\n",
       "      <td>0.314938</td>\n",
       "      <td>0.502633</td>\n",
       "      <td>0.304382</td>\n",
       "      <td>0.266425</td>\n",
       "      <td>0.261171</td>\n",
       "      <td>0.252946</td>\n",
       "      <td>0.260685</td>\n",
       "      <td>0.229166</td>\n",
       "      <td>0.218492</td>\n",
       "      <td>0.196992</td>\n",
       "      <td>0.186591</td>\n",
       "      <td>0.201091</td>\n",
       "      <td>0.176052</td>\n",
       "      <td>0.165536</td>\n",
       "      <td>0.164548</td>\n",
       "    </tr>\n",
       "    <tr>\n",
       "      <th>1980</th>\n",
       "      <td>0.192690</td>\n",
       "      <td>0.205848</td>\n",
       "      <td>0.206554</td>\n",
       "      <td>0.238145</td>\n",
       "      <td>0.268837</td>\n",
       "      <td>0.304382</td>\n",
       "      <td>0.509569</td>\n",
       "      <td>0.342281</td>\n",
       "      <td>0.302340</td>\n",
       "      <td>0.297831</td>\n",
       "      <td>0.303705</td>\n",
       "      <td>0.259129</td>\n",
       "      <td>0.251555</td>\n",
       "      <td>0.224739</td>\n",
       "      <td>0.221790</td>\n",
       "      <td>0.222968</td>\n",
       "      <td>0.194946</td>\n",
       "      <td>0.182388</td>\n",
       "      <td>0.200839</td>\n",
       "    </tr>\n",
       "    <tr>\n",
       "      <th>1981</th>\n",
       "      <td>0.172943</td>\n",
       "      <td>0.190847</td>\n",
       "      <td>0.179327</td>\n",
       "      <td>0.254721</td>\n",
       "      <td>0.264958</td>\n",
       "      <td>0.266425</td>\n",
       "      <td>0.342281</td>\n",
       "      <td>0.542037</td>\n",
       "      <td>0.350024</td>\n",
       "      <td>0.310555</td>\n",
       "      <td>0.303280</td>\n",
       "      <td>0.266673</td>\n",
       "      <td>0.255760</td>\n",
       "      <td>0.252414</td>\n",
       "      <td>0.247930</td>\n",
       "      <td>0.234822</td>\n",
       "      <td>0.210068</td>\n",
       "      <td>0.193489</td>\n",
       "      <td>0.201162</td>\n",
       "    </tr>\n",
       "    <tr>\n",
       "      <th>1982</th>\n",
       "      <td>0.174611</td>\n",
       "      <td>0.198061</td>\n",
       "      <td>0.199280</td>\n",
       "      <td>0.228993</td>\n",
       "      <td>0.234453</td>\n",
       "      <td>0.261171</td>\n",
       "      <td>0.302340</td>\n",
       "      <td>0.350024</td>\n",
       "      <td>0.629157</td>\n",
       "      <td>0.348557</td>\n",
       "      <td>0.348459</td>\n",
       "      <td>0.345709</td>\n",
       "      <td>0.325680</td>\n",
       "      <td>0.278233</td>\n",
       "      <td>0.278888</td>\n",
       "      <td>0.255396</td>\n",
       "      <td>0.245366</td>\n",
       "      <td>0.252007</td>\n",
       "      <td>0.219352</td>\n",
       "    </tr>\n",
       "    <tr>\n",
       "      <th>1983</th>\n",
       "      <td>0.186813</td>\n",
       "      <td>0.187549</td>\n",
       "      <td>0.209063</td>\n",
       "      <td>0.215633</td>\n",
       "      <td>0.233428</td>\n",
       "      <td>0.252946</td>\n",
       "      <td>0.297831</td>\n",
       "      <td>0.310555</td>\n",
       "      <td>0.348557</td>\n",
       "      <td>0.701649</td>\n",
       "      <td>0.423167</td>\n",
       "      <td>0.401102</td>\n",
       "      <td>0.390195</td>\n",
       "      <td>0.360385</td>\n",
       "      <td>0.326801</td>\n",
       "      <td>0.294632</td>\n",
       "      <td>0.311031</td>\n",
       "      <td>0.275667</td>\n",
       "      <td>0.267655</td>\n",
       "    </tr>\n",
       "    <tr>\n",
       "      <th>1984</th>\n",
       "      <td>0.171124</td>\n",
       "      <td>0.181489</td>\n",
       "      <td>0.195643</td>\n",
       "      <td>0.236753</td>\n",
       "      <td>0.244582</td>\n",
       "      <td>0.260685</td>\n",
       "      <td>0.303705</td>\n",
       "      <td>0.303280</td>\n",
       "      <td>0.348459</td>\n",
       "      <td>0.423167</td>\n",
       "      <td>0.746107</td>\n",
       "      <td>0.443361</td>\n",
       "      <td>0.407637</td>\n",
       "      <td>0.350220</td>\n",
       "      <td>0.338189</td>\n",
       "      <td>0.320238</td>\n",
       "      <td>0.286285</td>\n",
       "      <td>0.280938</td>\n",
       "      <td>0.270830</td>\n",
       "    </tr>\n",
       "    <tr>\n",
       "      <th>1985</th>\n",
       "      <td>0.169817</td>\n",
       "      <td>0.159429</td>\n",
       "      <td>0.185495</td>\n",
       "      <td>0.205950</td>\n",
       "      <td>0.213733</td>\n",
       "      <td>0.229166</td>\n",
       "      <td>0.259129</td>\n",
       "      <td>0.266673</td>\n",
       "      <td>0.345709</td>\n",
       "      <td>0.401102</td>\n",
       "      <td>0.443361</td>\n",
       "      <td>0.689860</td>\n",
       "      <td>0.446360</td>\n",
       "      <td>0.379651</td>\n",
       "      <td>0.340567</td>\n",
       "      <td>0.351953</td>\n",
       "      <td>0.312728</td>\n",
       "      <td>0.313358</td>\n",
       "      <td>0.281033</td>\n",
       "    </tr>\n",
       "    <tr>\n",
       "      <th>1986</th>\n",
       "      <td>0.186373</td>\n",
       "      <td>0.175009</td>\n",
       "      <td>0.181148</td>\n",
       "      <td>0.230313</td>\n",
       "      <td>0.201749</td>\n",
       "      <td>0.218492</td>\n",
       "      <td>0.251555</td>\n",
       "      <td>0.255760</td>\n",
       "      <td>0.325680</td>\n",
       "      <td>0.390195</td>\n",
       "      <td>0.407637</td>\n",
       "      <td>0.446360</td>\n",
       "      <td>0.681613</td>\n",
       "      <td>0.420080</td>\n",
       "      <td>0.384888</td>\n",
       "      <td>0.354968</td>\n",
       "      <td>0.349163</td>\n",
       "      <td>0.313051</td>\n",
       "      <td>0.286647</td>\n",
       "    </tr>\n",
       "    <tr>\n",
       "      <th>1987</th>\n",
       "      <td>0.150952</td>\n",
       "      <td>0.169591</td>\n",
       "      <td>0.182515</td>\n",
       "      <td>0.207437</td>\n",
       "      <td>0.210650</td>\n",
       "      <td>0.196992</td>\n",
       "      <td>0.224739</td>\n",
       "      <td>0.252414</td>\n",
       "      <td>0.278233</td>\n",
       "      <td>0.360385</td>\n",
       "      <td>0.350220</td>\n",
       "      <td>0.379651</td>\n",
       "      <td>0.420080</td>\n",
       "      <td>0.684493</td>\n",
       "      <td>0.391887</td>\n",
       "      <td>0.381379</td>\n",
       "      <td>0.341647</td>\n",
       "      <td>0.318024</td>\n",
       "      <td>0.277021</td>\n",
       "    </tr>\n",
       "    <tr>\n",
       "      <th>1988</th>\n",
       "      <td>0.141803</td>\n",
       "      <td>0.154137</td>\n",
       "      <td>0.157680</td>\n",
       "      <td>0.188814</td>\n",
       "      <td>0.173736</td>\n",
       "      <td>0.186591</td>\n",
       "      <td>0.221790</td>\n",
       "      <td>0.247930</td>\n",
       "      <td>0.278888</td>\n",
       "      <td>0.326801</td>\n",
       "      <td>0.338189</td>\n",
       "      <td>0.340567</td>\n",
       "      <td>0.384888</td>\n",
       "      <td>0.391887</td>\n",
       "      <td>0.511565</td>\n",
       "      <td>0.385221</td>\n",
       "      <td>0.363491</td>\n",
       "      <td>0.315865</td>\n",
       "      <td>0.277453</td>\n",
       "    </tr>\n",
       "    <tr>\n",
       "      <th>1989</th>\n",
       "      <td>0.177476</td>\n",
       "      <td>0.191548</td>\n",
       "      <td>0.162372</td>\n",
       "      <td>0.206426</td>\n",
       "      <td>0.174617</td>\n",
       "      <td>0.201091</td>\n",
       "      <td>0.222968</td>\n",
       "      <td>0.234822</td>\n",
       "      <td>0.255396</td>\n",
       "      <td>0.294632</td>\n",
       "      <td>0.320238</td>\n",
       "      <td>0.351953</td>\n",
       "      <td>0.354968</td>\n",
       "      <td>0.381379</td>\n",
       "      <td>0.385221</td>\n",
       "      <td>0.644830</td>\n",
       "      <td>0.403763</td>\n",
       "      <td>0.379751</td>\n",
       "      <td>0.352977</td>\n",
       "    </tr>\n",
       "    <tr>\n",
       "      <th>1990</th>\n",
       "      <td>0.144341</td>\n",
       "      <td>0.177200</td>\n",
       "      <td>0.176461</td>\n",
       "      <td>0.198869</td>\n",
       "      <td>0.163338</td>\n",
       "      <td>0.176052</td>\n",
       "      <td>0.194946</td>\n",
       "      <td>0.210068</td>\n",
       "      <td>0.245366</td>\n",
       "      <td>0.311031</td>\n",
       "      <td>0.286285</td>\n",
       "      <td>0.312728</td>\n",
       "      <td>0.349163</td>\n",
       "      <td>0.341647</td>\n",
       "      <td>0.363491</td>\n",
       "      <td>0.403763</td>\n",
       "      <td>0.625018</td>\n",
       "      <td>0.380294</td>\n",
       "      <td>0.357061</td>\n",
       "    </tr>\n",
       "    <tr>\n",
       "      <th>1991</th>\n",
       "      <td>0.129477</td>\n",
       "      <td>0.153252</td>\n",
       "      <td>0.183787</td>\n",
       "      <td>0.219495</td>\n",
       "      <td>0.143215</td>\n",
       "      <td>0.165536</td>\n",
       "      <td>0.182388</td>\n",
       "      <td>0.193489</td>\n",
       "      <td>0.252007</td>\n",
       "      <td>0.275667</td>\n",
       "      <td>0.280938</td>\n",
       "      <td>0.313358</td>\n",
       "      <td>0.313051</td>\n",
       "      <td>0.318024</td>\n",
       "      <td>0.315865</td>\n",
       "      <td>0.379751</td>\n",
       "      <td>0.380294</td>\n",
       "      <td>0.587163</td>\n",
       "      <td>0.419311</td>\n",
       "    </tr>\n",
       "    <tr>\n",
       "      <th>1992</th>\n",
       "      <td>0.109535</td>\n",
       "      <td>0.147261</td>\n",
       "      <td>0.153181</td>\n",
       "      <td>0.166731</td>\n",
       "      <td>0.140366</td>\n",
       "      <td>0.164548</td>\n",
       "      <td>0.200839</td>\n",
       "      <td>0.201162</td>\n",
       "      <td>0.219352</td>\n",
       "      <td>0.267655</td>\n",
       "      <td>0.270830</td>\n",
       "      <td>0.281033</td>\n",
       "      <td>0.286647</td>\n",
       "      <td>0.277021</td>\n",
       "      <td>0.277453</td>\n",
       "      <td>0.352977</td>\n",
       "      <td>0.357061</td>\n",
       "      <td>0.419311</td>\n",
       "      <td>0.704044</td>\n",
       "    </tr>\n",
       "  </tbody>\n",
       "</table>\n",
       "</div>"
      ],
      "text/plain": [
       "year      1974      1975      1976      1977      1978      1979      1980  \\\n",
       "year                                                                         \n",
       "1974  0.380232  0.266168  0.223703  0.232121  0.247309  0.219021  0.192690   \n",
       "1975  0.266168  0.411052  0.269560  0.253488  0.267063  0.234334  0.205848   \n",
       "1976  0.223703  0.269560  0.466307  0.298764  0.262443  0.218654  0.206554   \n",
       "1977  0.232121  0.253488  0.298764  0.546291  0.306649  0.255678  0.238145   \n",
       "1978  0.247309  0.267063  0.262443  0.306649  0.579645  0.314938  0.268837   \n",
       "1979  0.219021  0.234334  0.218654  0.255678  0.314938  0.502633  0.304382   \n",
       "1980  0.192690  0.205848  0.206554  0.238145  0.268837  0.304382  0.509569   \n",
       "1981  0.172943  0.190847  0.179327  0.254721  0.264958  0.266425  0.342281   \n",
       "1982  0.174611  0.198061  0.199280  0.228993  0.234453  0.261171  0.302340   \n",
       "1983  0.186813  0.187549  0.209063  0.215633  0.233428  0.252946  0.297831   \n",
       "1984  0.171124  0.181489  0.195643  0.236753  0.244582  0.260685  0.303705   \n",
       "1985  0.169817  0.159429  0.185495  0.205950  0.213733  0.229166  0.259129   \n",
       "1986  0.186373  0.175009  0.181148  0.230313  0.201749  0.218492  0.251555   \n",
       "1987  0.150952  0.169591  0.182515  0.207437  0.210650  0.196992  0.224739   \n",
       "1988  0.141803  0.154137  0.157680  0.188814  0.173736  0.186591  0.221790   \n",
       "1989  0.177476  0.191548  0.162372  0.206426  0.174617  0.201091  0.222968   \n",
       "1990  0.144341  0.177200  0.176461  0.198869  0.163338  0.176052  0.194946   \n",
       "1991  0.129477  0.153252  0.183787  0.219495  0.143215  0.165536  0.182388   \n",
       "1992  0.109535  0.147261  0.153181  0.166731  0.140366  0.164548  0.200839   \n",
       "\n",
       "year      1981      1982      1983      1984      1985      1986      1987  \\\n",
       "year                                                                         \n",
       "1974  0.172943  0.174611  0.186813  0.171124  0.169817  0.186373  0.150952   \n",
       "1975  0.190847  0.198061  0.187549  0.181489  0.159429  0.175009  0.169591   \n",
       "1976  0.179327  0.199280  0.209063  0.195643  0.185495  0.181148  0.182515   \n",
       "1977  0.254721  0.228993  0.215633  0.236753  0.205950  0.230313  0.207437   \n",
       "1978  0.264958  0.234453  0.233428  0.244582  0.213733  0.201749  0.210650   \n",
       "1979  0.266425  0.261171  0.252946  0.260685  0.229166  0.218492  0.196992   \n",
       "1980  0.342281  0.302340  0.297831  0.303705  0.259129  0.251555  0.224739   \n",
       "1981  0.542037  0.350024  0.310555  0.303280  0.266673  0.255760  0.252414   \n",
       "1982  0.350024  0.629157  0.348557  0.348459  0.345709  0.325680  0.278233   \n",
       "1983  0.310555  0.348557  0.701649  0.423167  0.401102  0.390195  0.360385   \n",
       "1984  0.303280  0.348459  0.423167  0.746107  0.443361  0.407637  0.350220   \n",
       "1985  0.266673  0.345709  0.401102  0.443361  0.689860  0.446360  0.379651   \n",
       "1986  0.255760  0.325680  0.390195  0.407637  0.446360  0.681613  0.420080   \n",
       "1987  0.252414  0.278233  0.360385  0.350220  0.379651  0.420080  0.684493   \n",
       "1988  0.247930  0.278888  0.326801  0.338189  0.340567  0.384888  0.391887   \n",
       "1989  0.234822  0.255396  0.294632  0.320238  0.351953  0.354968  0.381379   \n",
       "1990  0.210068  0.245366  0.311031  0.286285  0.312728  0.349163  0.341647   \n",
       "1991  0.193489  0.252007  0.275667  0.280938  0.313358  0.313051  0.318024   \n",
       "1992  0.201162  0.219352  0.267655  0.270830  0.281033  0.286647  0.277021   \n",
       "\n",
       "year      1988      1989      1990      1991      1992  \n",
       "year                                                    \n",
       "1974  0.141803  0.177476  0.144341  0.129477  0.109535  \n",
       "1975  0.154137  0.191548  0.177200  0.153252  0.147261  \n",
       "1976  0.157680  0.162372  0.176461  0.183787  0.153181  \n",
       "1977  0.188814  0.206426  0.198869  0.219495  0.166731  \n",
       "1978  0.173736  0.174617  0.163338  0.143215  0.140366  \n",
       "1979  0.186591  0.201091  0.176052  0.165536  0.164548  \n",
       "1980  0.221790  0.222968  0.194946  0.182388  0.200839  \n",
       "1981  0.247930  0.234822  0.210068  0.193489  0.201162  \n",
       "1982  0.278888  0.255396  0.245366  0.252007  0.219352  \n",
       "1983  0.326801  0.294632  0.311031  0.275667  0.267655  \n",
       "1984  0.338189  0.320238  0.286285  0.280938  0.270830  \n",
       "1985  0.340567  0.351953  0.312728  0.313358  0.281033  \n",
       "1986  0.384888  0.354968  0.349163  0.313051  0.286647  \n",
       "1987  0.391887  0.381379  0.341647  0.318024  0.277021  \n",
       "1988  0.511565  0.385221  0.363491  0.315865  0.277453  \n",
       "1989  0.385221  0.644830  0.403763  0.379751  0.352977  \n",
       "1990  0.363491  0.403763  0.625018  0.380294  0.357061  \n",
       "1991  0.315865  0.379751  0.380294  0.587163  0.419311  \n",
       "1992  0.277453  0.352977  0.357061  0.419311  0.704044  "
      ]
     },
     "metadata": {},
     "output_type": "display_data"
    },
    {
     "data": {
      "text/plain": [
       "array([[0.38023182],\n",
       "       [0.26616782],\n",
       "       [0.22370324],\n",
       "       [0.23212118],\n",
       "       [0.24730907],\n",
       "       [0.21902123],\n",
       "       [0.19269017],\n",
       "       [0.17294339],\n",
       "       [0.17461068],\n",
       "       [0.18681347],\n",
       "       [0.17112422],\n",
       "       [0.16981702],\n",
       "       [0.1863726 ],\n",
       "       [0.15095206],\n",
       "       [0.14180332],\n",
       "       [0.17747562],\n",
       "       [0.14434097],\n",
       "       [0.12947747],\n",
       "       [0.10953476],\n",
       "       [0.26616782],\n",
       "       [0.4110522 ],\n",
       "       [0.26955968],\n",
       "       [0.25348755],\n",
       "       [0.26706259],\n",
       "       [0.23433364],\n",
       "       [0.20584785],\n",
       "       [0.19084692],\n",
       "       [0.19806132],\n",
       "       [0.18754893],\n",
       "       [0.18148936],\n",
       "       [0.15942907],\n",
       "       [0.17500921],\n",
       "       [0.16959091],\n",
       "       [0.15413713],\n",
       "       [0.19154803],\n",
       "       [0.17719999],\n",
       "       [0.15325182],\n",
       "       [0.14726136],\n",
       "       [0.22370324],\n",
       "       [0.26955968],\n",
       "       [0.46630692],\n",
       "       [0.29876361],\n",
       "       [0.26244273],\n",
       "       [0.218654  ],\n",
       "       [0.20655434],\n",
       "       [0.17932698],\n",
       "       [0.19927958],\n",
       "       [0.20906259],\n",
       "       [0.19564346],\n",
       "       [0.18549494],\n",
       "       [0.18114815],\n",
       "       [0.18251523],\n",
       "       [0.15768006],\n",
       "       [0.16237194],\n",
       "       [0.17646074],\n",
       "       [0.18378715],\n",
       "       [0.15318096],\n",
       "       [0.23212118],\n",
       "       [0.25348755],\n",
       "       [0.29876361],\n",
       "       [0.54629134],\n",
       "       [0.3066485 ],\n",
       "       [0.25567779],\n",
       "       [0.23814452],\n",
       "       [0.25472087],\n",
       "       [0.22899258],\n",
       "       [0.21563308],\n",
       "       [0.23675323],\n",
       "       [0.20594956],\n",
       "       [0.23031254],\n",
       "       [0.20743706],\n",
       "       [0.18881399],\n",
       "       [0.20642632],\n",
       "       [0.19886872],\n",
       "       [0.21949542],\n",
       "       [0.16673078],\n",
       "       [0.24730907],\n",
       "       [0.26706259],\n",
       "       [0.26244273],\n",
       "       [0.3066485 ],\n",
       "       [0.57964453],\n",
       "       [0.31493762],\n",
       "       [0.2688371 ],\n",
       "       [0.26495758],\n",
       "       [0.23445257],\n",
       "       [0.23342822],\n",
       "       [0.24458186],\n",
       "       [0.21373346],\n",
       "       [0.20174899],\n",
       "       [0.21064969],\n",
       "       [0.17373618],\n",
       "       [0.17461733],\n",
       "       [0.16333827],\n",
       "       [0.14321513],\n",
       "       [0.14036645],\n",
       "       [0.21902123],\n",
       "       [0.23433364],\n",
       "       [0.218654  ],\n",
       "       [0.25567779],\n",
       "       [0.31493762],\n",
       "       [0.50263275],\n",
       "       [0.30438187],\n",
       "       [0.26642481],\n",
       "       [0.26117134],\n",
       "       [0.25294585],\n",
       "       [0.26068523],\n",
       "       [0.22916619],\n",
       "       [0.2184923 ],\n",
       "       [0.19699181],\n",
       "       [0.18659105],\n",
       "       [0.20109132],\n",
       "       [0.17605158],\n",
       "       [0.16553594],\n",
       "       [0.16454841],\n",
       "       [0.19269017],\n",
       "       [0.20584785],\n",
       "       [0.20655434],\n",
       "       [0.23814452],\n",
       "       [0.2688371 ],\n",
       "       [0.30438187],\n",
       "       [0.50956911],\n",
       "       [0.34228084],\n",
       "       [0.30233959],\n",
       "       [0.29783052],\n",
       "       [0.30370492],\n",
       "       [0.25912868],\n",
       "       [0.25155531],\n",
       "       [0.22473879],\n",
       "       [0.22179   ],\n",
       "       [0.22296835],\n",
       "       [0.19494564],\n",
       "       [0.18238812],\n",
       "       [0.2008394 ],\n",
       "       [0.17294339],\n",
       "       [0.19084692],\n",
       "       [0.17932698],\n",
       "       [0.25472087],\n",
       "       [0.26495758],\n",
       "       [0.26642481],\n",
       "       [0.34228084],\n",
       "       [0.54203681],\n",
       "       [0.35002439],\n",
       "       [0.31055489],\n",
       "       [0.30327974],\n",
       "       [0.26667315],\n",
       "       [0.25575954],\n",
       "       [0.25241448],\n",
       "       [0.24792967],\n",
       "       [0.23482244],\n",
       "       [0.21006762],\n",
       "       [0.19348924],\n",
       "       [0.20116217],\n",
       "       [0.17461068],\n",
       "       [0.19806132],\n",
       "       [0.19927958],\n",
       "       [0.22899258],\n",
       "       [0.23445257],\n",
       "       [0.26117134],\n",
       "       [0.30233959],\n",
       "       [0.35002439],\n",
       "       [0.6291566 ],\n",
       "       [0.34855664],\n",
       "       [0.34845869],\n",
       "       [0.34570911],\n",
       "       [0.32568017],\n",
       "       [0.27823344],\n",
       "       [0.27888828],\n",
       "       [0.25539592],\n",
       "       [0.24536567],\n",
       "       [0.25200667],\n",
       "       [0.21935239],\n",
       "       [0.18681347],\n",
       "       [0.18754893],\n",
       "       [0.20906259],\n",
       "       [0.21563308],\n",
       "       [0.23342822],\n",
       "       [0.25294585],\n",
       "       [0.29783052],\n",
       "       [0.31055489],\n",
       "       [0.34855664],\n",
       "       [0.70164916],\n",
       "       [0.42316654],\n",
       "       [0.40110231],\n",
       "       [0.39019475],\n",
       "       [0.36038548],\n",
       "       [0.32680131],\n",
       "       [0.29463245],\n",
       "       [0.31103145],\n",
       "       [0.27566708],\n",
       "       [0.26765519],\n",
       "       [0.17112422],\n",
       "       [0.18148936],\n",
       "       [0.19564346],\n",
       "       [0.23675323],\n",
       "       [0.24458186],\n",
       "       [0.26068523],\n",
       "       [0.30370492],\n",
       "       [0.30327974],\n",
       "       [0.34845869],\n",
       "       [0.42316654],\n",
       "       [0.74610736],\n",
       "       [0.44336069],\n",
       "       [0.40763651],\n",
       "       [0.35022011],\n",
       "       [0.33818942],\n",
       "       [0.32023825],\n",
       "       [0.28628452],\n",
       "       [0.28093802],\n",
       "       [0.27083035],\n",
       "       [0.16981702],\n",
       "       [0.15942907],\n",
       "       [0.18549494],\n",
       "       [0.20594956],\n",
       "       [0.21373346],\n",
       "       [0.22916619],\n",
       "       [0.25912868],\n",
       "       [0.26667315],\n",
       "       [0.34570911],\n",
       "       [0.40110231],\n",
       "       [0.44336069],\n",
       "       [0.68986032],\n",
       "       [0.44635954],\n",
       "       [0.37965101],\n",
       "       [0.34056714],\n",
       "       [0.35195299],\n",
       "       [0.31272762],\n",
       "       [0.31335806],\n",
       "       [0.28103304],\n",
       "       [0.1863726 ],\n",
       "       [0.17500921],\n",
       "       [0.18114815],\n",
       "       [0.23031254],\n",
       "       [0.20174899],\n",
       "       [0.2184923 ],\n",
       "       [0.25155531],\n",
       "       [0.25575954],\n",
       "       [0.32568017],\n",
       "       [0.39019475],\n",
       "       [0.40763651],\n",
       "       [0.44635954],\n",
       "       [0.68161334],\n",
       "       [0.42007989],\n",
       "       [0.3848876 ],\n",
       "       [0.35496804],\n",
       "       [0.34916347],\n",
       "       [0.31305067],\n",
       "       [0.28664692],\n",
       "       [0.15095206],\n",
       "       [0.16959091],\n",
       "       [0.18251523],\n",
       "       [0.20743706],\n",
       "       [0.21064969],\n",
       "       [0.19699181],\n",
       "       [0.22473879],\n",
       "       [0.25241448],\n",
       "       [0.27823344],\n",
       "       [0.36038548],\n",
       "       [0.35022011],\n",
       "       [0.37965101],\n",
       "       [0.42007989],\n",
       "       [0.68449307],\n",
       "       [0.39188691],\n",
       "       [0.38137903],\n",
       "       [0.34164684],\n",
       "       [0.31802407],\n",
       "       [0.27702136],\n",
       "       [0.14180332],\n",
       "       [0.15413713],\n",
       "       [0.15768006],\n",
       "       [0.18881399],\n",
       "       [0.17373618],\n",
       "       [0.18659105],\n",
       "       [0.22179   ],\n",
       "       [0.24792967],\n",
       "       [0.27888828],\n",
       "       [0.32680131],\n",
       "       [0.33818942],\n",
       "       [0.34056714],\n",
       "       [0.3848876 ],\n",
       "       [0.39188691],\n",
       "       [0.51156541],\n",
       "       [0.38522127],\n",
       "       [0.36349084],\n",
       "       [0.31586546],\n",
       "       [0.27745291],\n",
       "       [0.17747562],\n",
       "       [0.19154803],\n",
       "       [0.16237194],\n",
       "       [0.20642632],\n",
       "       [0.17461733],\n",
       "       [0.20109132],\n",
       "       [0.22296835],\n",
       "       [0.23482244],\n",
       "       [0.25539592],\n",
       "       [0.29463245],\n",
       "       [0.32023825],\n",
       "       [0.35195299],\n",
       "       [0.35496804],\n",
       "       [0.38137903],\n",
       "       [0.38522127],\n",
       "       [0.64483044],\n",
       "       [0.40376293],\n",
       "       [0.37975092],\n",
       "       [0.35297709],\n",
       "       [0.14434097],\n",
       "       [0.17719999],\n",
       "       [0.17646074],\n",
       "       [0.19886872],\n",
       "       [0.16333827],\n",
       "       [0.17605158],\n",
       "       [0.19494564],\n",
       "       [0.21006762],\n",
       "       [0.24536567],\n",
       "       [0.31103145],\n",
       "       [0.28628452],\n",
       "       [0.31272762],\n",
       "       [0.34916347],\n",
       "       [0.34164684],\n",
       "       [0.36349084],\n",
       "       [0.40376293],\n",
       "       [0.62501762],\n",
       "       [0.38029414],\n",
       "       [0.35706106],\n",
       "       [0.12947747],\n",
       "       [0.15325182],\n",
       "       [0.18378715],\n",
       "       [0.21949542],\n",
       "       [0.14321513],\n",
       "       [0.16553594],\n",
       "       [0.18238812],\n",
       "       [0.19348924],\n",
       "       [0.25200667],\n",
       "       [0.27566708],\n",
       "       [0.28093802],\n",
       "       [0.31335806],\n",
       "       [0.31305067],\n",
       "       [0.31802407],\n",
       "       [0.31586546],\n",
       "       [0.37975092],\n",
       "       [0.38029414],\n",
       "       [0.58716269],\n",
       "       [0.41931074],\n",
       "       [0.10953476],\n",
       "       [0.14726136],\n",
       "       [0.15318096],\n",
       "       [0.16673078],\n",
       "       [0.14036645],\n",
       "       [0.16454841],\n",
       "       [0.2008394 ],\n",
       "       [0.20116217],\n",
       "       [0.21935239],\n",
       "       [0.26765519],\n",
       "       [0.27083035],\n",
       "       [0.28103304],\n",
       "       [0.28664692],\n",
       "       [0.27702136],\n",
       "       [0.27745291],\n",
       "       [0.35297709],\n",
       "       [0.35706106],\n",
       "       [0.41931074],\n",
       "       [0.70404403]])"
      ]
     },
     "metadata": {},
     "output_type": "display_data"
    }
   ],
   "source": [
    "covariance_across_years = data.pivot_table(index='person_ID', columns='year', values='log_wage').cov()\n",
    "display(covariance_across_years)\n",
    "data_moments = covariance_across_years.reset_index()\n",
    "data_moments = data_moments.iloc[:,1:].values\n",
    "data_moments = data_moments.reshape(-1,1)\n",
    "display(data_moments)"
   ]
  },
  {
   "cell_type": "code",
